4514251216778533782 118.92854997854805 1058
6420681234039806870 118.92854997854805 1062
1224329053564898099 118.92854997854805 1088
5427313408687134964 118.92854997854805 1233
-2622589450260915980 118.92854997854805 1233
-2453985931777694704 124.45079348883236 1023
-3637588208846003184 124.45079348883236 969
-6441923401814268912 124.45079348883236 969
6994003136492184592 124.45079348883236 969
6898301644410561552 124.45079348883236 969
1202298036177685177 118.92854997854805 1342
2783624455338150585 118.92854997854805 1348
4017892228892725830 118.92854997854805 2146
5884071324484375110 118.92854997854805 2146
-8901809202126384570 118.92854997854805 2148
-8377421320514432442 118.92854997854805 2146 //good stronghold-MIs-OMonument
-7852470488949059002 118.92854997854805 2146
-7833048715556023738 118.92854997854805 2146
-7075036603274227130 118.92854997854805 2148
-6582173919053868474 118.92854997854805 2148
-4113638373301415354 118.92854997854805 2146
-4107445923813780922 118.92854997854805 2148
338507991703570491 124.45079348883236 1038
5017185054588094523 124.45079348883236 1038
5658103576558258235 124.45079348883236 1028
8291020508709734459 124.45079348883236 1038
-5904606991738779589 124.45079348883236 1053
-3316163105907587013 124.45079348883236 1038
-3164448093460543429 124.45079348883236 1038
5466982075087834209 118.92854997854805 1584
6015858279673613409 118.92854997854805 1492 //not good WH
8313257039585987681 118.92854997854805 1584
-6400284418010133407 118.92854997854805 1492
-4760974153647272863 118.92854997854805 1584
-1307276189407523743 118.92854997854805 1584
-4962791705904647427 118.92854997854805 1128
39300106358310971 124.45079348883236 1018
205370345157642937 118.92854997854805 1202
931575785071135417 118.92854997854805 1218
6341524837449943737 118.92854997854805 1807
8115380140680497849 118.92854997854805 1218
-4151299346909935557 124.45079348883236 1018
-5982857017826129223 118.92854997854805 1202
-3389346582414144839 118.92854997854805 1218
-91585755272099143 118.92854997854805 1807
-468480749087667527 118.92854997854805 1218
2708361647557427 118.92854997854805 1092
1323388953484921792 118.92854997854805 1732 //stronghold and monument near
9003152218058460096 118.92854997854805 2067 //stronghold near
-8166821361291555904 118.92854997854805 1732
-8070275444279800896 118.92854997854805 1583
-798369417706546443 118.92854997854805 836
-8574115642403415771 118.92854997854805 2081 //mistake, worth checking again
641093616630615137 118.92854997854805 1952
8451461270397897825 118.92854997854805 1952
9011877949028813921 118.92854997854805 1952
-8004128818060473247 118.92854997854805 1608 //mistake, worth checking again
-6128098098283951007 118.92854997854805 1952
-730252469903700895 118.92854997854805 1952
4829722746463560720 124.45079348883236 1380
4957512385890198544 124.45079348883236 1312
6722923439201931544 118.92854997854805 2077
-4578578350707617512 118.92854997854805 2257
-4160588009674791920 124.45079348883236 1426
-8132762880062762103 118.92854997854805 2088
-1808583103327743095 118.92854997854805 2088
5171151895461733392 124.45079348883236 935
8595857945366044591 118.92854997854805 1808 //mistake, worth checking again
8316634760203314192 124.45079348883236 935
-8747504227903495152 124.45079348883236 953
-2206025760882090065 118.92854997854805 1808 //mistake, worth checking again, but nice quadhut seed
3238826188428626617 118.92854997854805 1297
3973194402666728121 118.92854997854805 1813
-8862908960269317447 118.92854997854805 1293
-8004691756278527303 118.92854997854805 1297
-7077794657970337095 118.92854997854805 1297
-6789001331865204039 118.92854997854805 1823
-3771871056503682375 118.92854997854805 1803
7250126076607177231 124.45079348883236 1053
8708447930945085967 124.45079348883236 1053
-5561207488378330609 124.45079348883236 1053
-4765759204194016753 124.45079348883236 1053
-2782767993267445233 124.45079348883236 1053
-7065409761000535992 118.92854997854805 1241 //what a pitty
1885213025410144500 118.92854997854805 1188
4609609324992583924 118.92854997854805 1188
5873431970423429364 118.92854997854805 1188
5978703611713214708 118.92854997854805 1188
7758469895938740455 118.92854997854805 1436 //shame again
1004196352153282029 118.92854997854805 1048
7441247594549274093 118.92854997854805 1048
-7769378671917865491 118.92854997854805 1048
513303996866874465 118.92854997854805 1612 //mistake, worth checking again
-4674561298887226271 118.92854997854805 2002
20159834487869348 118.92854997854805 1873
4747532068343336868 118.92854997854805 1873
-6320908440849789020 118.92854997854805 1873
479245523460478043 118.92854997854805 1718
5453752786867901531 118.92854997854805 1718
-7980484901578288037 118.92854997854805 1808
-6910598515101084581 118.92854997854805 1808
-5718833463708167077 118.92854997854805 1808
-1999423121453558693 118.92854997854805 1718
-9176896002041902657 118.92854997854805 1684
1714215271340214509 118.92854997854805 1603
5433344138618112237 118.92854997854805 1603
6468609102959905005 118.92854997854805 1603
7783941669128800493 118.92854997854805 1603
-8807037883127396115 118.92854997854805 1603 //good stronghold-MIs-OMonument
-6612940439667832595 118.92854997854805 1603
-2348313067524683539 118.92854997854805 1603
741437756458698989 118.92854997854805 1608
2566802980427303149 118.92854997854805 1602
4752737649562257645 118.92854997854805 1608
5490765038497597677 118.92854997854805 1608
7293330789352638701 118.92854997854805 1608
8512961863439911149 118.92854997854805 1602
8512961863439911149 118.92854997854805 1602
9053393818724370669 118.92854997854805 1602
-7555318657064597267 118.92854997854805 1608
-6517520417932408595 118.92854997854805 1602
-4659222621688657683 118.92854997854805 1602
-4535655106912679699 118.92854997854805 1602
-3321090582406199059 118.92854997854805 1608
-2819783648884520723 118.92854997854805 1608
4881371715470565295 118.92854997854805 1898 //mistake, worth checking again
-148304643372146769 118.92854997854805 1898 //mistake, worth checking again
-7937843144672293791 118.92854997854805 1952 //ggoooodd
-1023128866798318495 118.92854997854805 1952
999831791702210201 118.92854997854805 1363 //may be more
1449065854532417177 118.92854997854805 1363 //may be more
3991066369206351513 118.92854997854805 1363 //may be more
5139765749162538649 118.92854997854805 1363 //may be more
2180056371667179813 118.92854997854805 1493
3357184724271143205 118.92854997854805 1493
8800347826167776665 124.45079348883236 1788
-8162178695346485863 124.45079348883236 1788
-1590863889059510887 124.45079348883236 1788
-797104454735460967 124.45079348883236 1788
5109573349430109200 124.45079348883236 1422
5270577036108604432 124.45079348883236 1422
3889379324420613613 118.92854997854805 1638
7544613371985192429 118.92854997854805 1638
-1817244353627896870 118.92854997854805 1898
2652578282537945535 118.92854997854805 837
8870641993053047231 118.92854997854805 953
3749486267375581459 118.92854997854805 1676
4417707862086678803 118.92854997854805 1691
6431098370498001171 118.92854997854805 1895
7931641474079927875 118.92854997854805 1128
-7399737552165348619 118.92854997854805 858
